1777817594995 0.042216686867177486 0
1777817595518 0.018657273314893245 1
1777817596047 0.0182382520288229 2
1777817596559 0.018200613856315613 3
1777817597074 0.018160732612013817 4
1777817597577 0.01823006596416235 5
1777817598079 0.018084311969578267 6
1777817598679 0.01807372871786356 7
1777817599183 0.01822840463370085 8
1777817599694 0.01826935488730669 9
1777817600201 0.01821572955697775 10
1777817600715 0.018227368108928204 11
1777817601224 0.018182060681283474 12
1777817601722 0.018144964538514614 13
1777817602246 0.018325537703931333 14
1777817602755 0.018166067712008953 15
1777817603279 0.018203909918665887 16
1777817603802 0.018230487369000913 17
1777817604357 0.01816358484327793 18
1777817604907 0.018124900497496127 19
1777817605476 0.018126548901200294 20
1777817606049 0.018234694190323354 21
1777817606682 0.018105919286608697 22
1777817607238 0.018085619360208513 23
1777817607871 0.01809228405356407 24
1777817608498 0.01807436067610979 25
1777817609054 0.018100146166980267 26
1777817609610 0.01805015917867422 27
1777817610195 0.018111038096249102 28
1777817610781 0.018166584856808186 29
