1777849838664 0.04298381522297859 0
1777849839516 0.018844807446002962 1
1777849840225 0.01836393613368273 2
1777849840873 0.018142954297363758 3
1777849841532 0.018239367529749872 4
1777849842225 0.01825574118643999 5
1777849842819 0.01814356364309788 6
1777849843415 0.01824932336807251 7
1777849843956 0.018186654709279538 8
1777849844485 0.01817025788128376 9
1777849845050 0.018031933307647706 10
1777849845651 0.018280333653092385 11
1777849846201 0.0183454479649663 12
1777849846774 0.01824192635715008 13
1777849847410 0.018371856436133385 14
1777849847987 0.018249636441469194 15
1777849848516 0.01833320714533329 16
1777849849031 0.01827535133808851 17
1777849849554 0.01826351709663868 18
1777849850187 0.018175519555807113 19
1777849850806 0.01824655767530203 20
1777849851495 0.018139615915715696 21
1777849852171 0.018229932002723218 22
1777849852888 0.018094103895127774 23
1777849853591 0.018235229812562467 24
1777849854307 0.018071481324732304 25
1777849854985 0.018087530992925167 26
1777849855571 0.018181346505880356 27
1777849856284 0.018137232325971128 28
1777849856913 0.01812153834849596 29
