1777849489731 0.05327729847282171 0
1777849490365 0.019197542406618594 1
1777849490964 0.018302078023552895 2
1777849491516 0.01825969886034727 3
1777849492065 0.018213248737156393 4
1777849492643 0.018297234885394573 5
1777849493226 0.018399723395705222 6
1777849493768 0.018436011858284473 7
1777849494321 0.01825598958879709 8
1777849494854 0.01844534754753113 9
1777849495392 0.018342608772218227 10
1777849495915 0.01848785549402237 11
1777849496457 0.018244526758790017 12
1777849496985 0.018500784300267695 13
1777849497512 0.018396471589803697 14
1777849498051 0.018520433083176614 15
1777849498585 0.018390278927981854 16
1777849499123 0.018250316604971884 17
1777849499642 0.018371685557067394 18
1777849500163 0.01833711825311184 19
1777849500733 0.018204324953258036 20
1777849501258 0.018298500552773475 21
1777849501816 0.0183981666713953 22
1777849502361 0.018247801437973978 23
1777849502910 0.01819640401750803 24
1777849503496 0.01816954616457224 25
1777849504044 0.018396859355270863 26
1777849504588 0.018243251889944075 27
1777849505121 0.018250728584825994 28
1777849505667 0.018222069405019282 29
