1777849337960 0.035564302578568456 0
1777849338645 0.01870438050478697 1
1777849339258 0.01821710675954819 2
1777849339836 0.01824274756014347 3
1777849340391 0.01812555707991123 4
1777849341009 0.018215386904776098 5
1777849341563 0.018273731209337712 6
1777849342163 0.01816048551350832 7
1777849342795 0.01818675722926855 8
1777849343402 0.018285035155713558 9
1777849344030 0.018168210685253143 10
1777849344634 0.018178918734192848 11
1777849345266 0.018203506506979467 12
1777849345953 0.018253089413046836 13
1777849346601 0.01814402490854263 14
1777849347273 0.018190812803804874 15
1777849347936 0.018206897489726544 16
1777849348544 0.01818404197692871 17
1777849349143 0.01814265925437212 18
1777849349819 0.018145479448139667 19
1777849350446 0.018174762539565563 20
1777849351027 0.018149507604539393 21
1777849351662 0.018178724497556687 22
1777849352314 0.018142652325332166 23
1777849352946 0.018142645880579948 24
1777849353631 0.01806586980819702 25
1777849354284 0.01816339559853077 26
1777849354831 0.018099647574126722 27
1777849355385 0.01815010402351618 28
1777849355994 0.018038691356778144 29
