1777851163569 0.03951320670545101 0
1777851164215 0.018557520285248756 1
1777851164855 0.018192843124270438 2
1777851165554 0.0182041684910655 3
1777851166099 0.01834310784935951 4
1777851166629 0.018211883679032325 5
1777851167317 0.018115100637078285 6
1777851167977 0.018187602199614048 7
1777851168621 0.018221805058419704 8
1777851169320 0.01817945349961519 9
1777851169996 0.01825489517301321 10
1777851170723 0.018199244029819966 11
1777851171435 0.01819209035485983 12
1777851172164 0.01839088600128889 13
1777851172869 0.018217162750661372 14
1777851173585 0.018309132158756257 15
1777851174268 0.01832575339823961 16
1777851174989 0.018209865279495717 17
1777851175689 0.01824603945016861 18
1777851176363 0.018156516402959823 19
1777851177076 0.018216115087270737 20
1777851177768 0.018156019784510136 21
1777851178436 0.018226104564964773 22
1777851179109 0.01817775037139654 23
1777851179811 0.018106148056685926 24
1777851180524 0.018064538277685643 25
1777851181216 0.01822239939123392 26
1777851181929 0.018092797696590425 27
1777851182653 0.018095114305615424 28
1777851183353 0.01810498058795929 29
