1776994995213 0.04981201171875 0
1776994995434 0.025084396973252297 1
1776994995760 0.008879722002893687 2
1776994995967 0.005488409854006022 3
1776994996194 0.0030528898211196064 4
1776994996535 0.002819334212690592 5
1776994996899 0.0027128429617732765 6
1776994997153 0.0026425289874896407 7
1776994997462 0.0026471151830628516 8
1776994997763 0.002456978920381516 9
1776994997996 0.002661572638899088 10
1776994998228 0.002503006146289408 11
1776994998986 0.00271047153044492 12
1776994999400 0.002672682316042483 13
1776994999587 0.0025766874104738236 14
1776994999893 0.0025738314306363464 15
1776995000120 0.0026056051393970846 16
1776995000312 0.0025121889216825365 17
1776995000506 0.0025728977750986816 18
1776995000670 0.0027300736680626867 19
1776995000856 0.00277579084970057 20
1776995001041 0.002574476688168943 21
1776995001227 0.002690125163644552 22
1776995001438 0.002795769292861223 23
1776995001594 0.002506629764102399 24
1776995001766 0.0025918850675225257 25
1776995002049 0.0027395514212548732 26
1776995002295 0.002947434117086232 27
1776995002518 0.0026156759494915605 28
1776995002703 0.002672904736828059 29
1776995002902 0.002584467721171677 30
1776995003074 0.0024864797526970507 31
1776995003489 0.0027090740948915483 32
1776995003711 0.0025968394428491593 33
1776995004648 0.002736916961148381 34
1776995004885 0.0027438668487593534 35
1776995005099 0.0026664614910259844 36
1776995005501 0.0028573587210848927 37
1776995005739 0.0027980026323348286 38
1776995005944 0.0024324883916415274 39
1776995006275 0.0028536698687821626 40
1776995006575 0.0025670233089476824 41
1776995006768 0.0026342996349558233 42
1776995006962 0.002650435399264097 43
1776995007159 0.002636410449631512 44
1776995007408 0.002513076465111226 45
1776995007702 0.002518383818678558 46
1776995007889 0.002642519837245345 47
1776995008095 0.0024808458564803005 48
1776995008428 0.0027589956950396298 49
