1778108573957 0.0907419178634882 0
1778108574518 0.02692573245614767 1
1778108575066 0.025135841853916645 2
1778108575625 0.025050198547542094 3
1778108576265 0.02505938455462456 4
1778108576871 0.024899298548698424 5
1778108577414 0.024847505651414394 6
1778108577975 0.025199441835284234 7
1778108578558 0.024952608346939086 8
1778108579148 0.024961575530469418 9
1778108579749 0.025076104626059532 10
1778108580363 0.025294983461499214 11
1778108580967 0.025256196968257427 12
1778108581570 0.0252694097161293 13
1778108582172 0.025166694186627866 14
1778108582793 0.02521786727011204 15
1778108583375 0.02514047272503376 16
1778108583920 0.025086209774017335 17
1778108584446 0.025117589458823204 18
1778108584987 0.025138460136950015 19
1778108585548 0.024881080724298954 20
1778108586177 0.025053365081548692 21
1778108586733 0.024993647746741773 22
1778108587317 0.024772057011723518 23
1778108587900 0.025066652558743952 24
1778108588509 0.025008208639919757 25
1778108589076 0.025107993558049203 26
1778108589651 0.024843493215739726 27
1778108590226 0.024937770515680312 28
1778108590778 0.025012203380465507 29
