1777816466988 0.04099263947457075 0
1777816467522 0.01881599023938179 1
1777816468059 0.018221466057002544 2
1777816468640 0.01819987379014492 3
1777816469214 0.01821618724614382 4
1777816469804 0.01815616838634014 5
1777816470373 0.018170673549175263 6
1777816470988 0.0181322605535388 7
1777816471568 0.018228478617966174 8
1777816472159 0.018338507898151876 9
1777816472729 0.01829620063304901 10
1777816473402 0.018261578492820264 11
1777816474186 0.01817513156682253 12
1777816474942 0.0181740640476346 13
1777816475755 0.01825238183140755 14
1777816476496 0.018234203085303307 15
1777816477137 0.018293687477707862 16
1777816477850 0.01820512004196644 17
1777816478542 0.018267200998961924 18
1777816479223 0.018254403285682202 19
1777816479932 0.018387359008193015 20
1777816480654 0.018179709650576116 21
1777816481378 0.018246067389845848 22
1777816482180 0.01816457185894251 23
1777816483013 0.018170126862823963 24
1777816483782 0.01817648869007826 25
1777816484567 0.018100651763379574 26
1777816485298 0.018197501599788665 27
1777816486005 0.01818035438656807 28
1777816486691 0.018244209848344326 29
